0,541
0,540
0,539
86,17
86,16
86,13
86,15
0,538
83,12
86,14
83,11
83,4
86,12
86,4
86,11
83,10
86,10
83,9
0,537
86,9
83,8
86,8
85,8
85,7
84,6
84,5
83,7
85,6
86,7
77,6
77,5
85,5
85,4
0,536
83,6
83,5
86,6
86,5
80,6
80,5
81,6
81,5
79,6
79,5
79,2
81,2
79,4
79,1
79,3
81,4
81,1
81,3
43,4
43,1
43,3
78,6
78,5
78,0
78,2
78,4
78,1
78,3
14,6
75,1
75,3
31,5
31,1
31,3
42,4
42,1
42,3
0,273
23,1
23,3
3,2
3,1
3,3
10,167
10,217
10,191
10,285
10,83
10,143
10,101
10,1
10,129
10,2
10,3
11,5
11,25
11,15
11,9
11,29
11,1
11,19
11,2
11,3
9,5
9,1
9,7
9,2
9,3
8,11
8,14
8,9
8,12
8,4
8,7
8,1
8,17
8,2
8,3
12,2
12,1
12,3
20,2
20,1
20,3
19,2
19,1
19,3
21,3
21,2
21,1
21,0
7,13
7,12
7,11
7,10
7,9
7,8
7,7
7,6
7,1
7,5
7,4
6,7
6,6
6,5
6,1
6,4
4,88
4,87
4,86
4,85
4,84
4,83
4,82
4,81
4,80
4,79
